# USB 5.0V
1 40631 34574 53758 41.627793
2 41108 34733 53758 41.627793
3 36699 34673 53758 41.189194
4 41108 34733 53758 41.627793
5 41326 34773 53758 41.627793

# VBUS 4.5V
1 41167 34614 53758 41.189194
2 41485 34812 53758 41.189194
3 41366 34832 53758 41.189194

# 3V3 3.20V
1 36898 34693 53758 41.189194
2 37950 34872 53758 41.189194
3 37672 34991 53758 41.189194

# 3V3 3.06V
1 32549 34376 53758 41.189194
2 34991 34634 53758 40.750594
3 35428 34673 53758 40.750594
4 34892 34654 53758 40.750594
